3.091843513000000000e+09
3.150420761000000000e+09
3.211000946000000000e+09
3.273978272000000000e+09
3.339583510000000000e+09
3.407922631000000000e+09
3.478770104000000000e+09
3.551599436000000000e+09
3.625680965000000000e+09
3.700437042000000000e+09
3.775760030000000000e+09
3.851650588000000000e+09
3.927780519000000000e+09
4.003794178000000000e+09
4.079480474000000000e+09
4.154666827000000000e+09
4.229505919000000000e+09
4.304533599000000000e+09
4.380506185000000000e+09
4.458003466000000000e+09
4.536996619000000000e+09
4.617386526000000000e+09
4.699569187000000000e+09
4.784011517000000000e+09
4.870921666000000000e+09
4.960568000000000000e+09
5.052521998000000000e+09
5.145425994000000000e+09
5.237441434000000000e+09
5.327231041000000000e+09
5.414289383000000000e+09
5.498919893000000000e+09
5.581597598000000000e+09
5.663150428000000000e+09
5.744212930000000000e+09
5.824891931000000000e+09
5.905045647000000000e+09
5.984794075000000000e+09
6.064239033000000000e+09
6.143493806000000000e+09
6.222626531000000000e+09
6.301773172000000000e+09
6.381185141000000000e+09
6.461159391000000000e+09
6.541906956000000000e+09
6.623517917000000000e+09
6.705946643000000000e+09
6.789088672000000000e+09
6.872766988000000000e+09
6.956823588000000000e+09
7.041194168000000000e+09
7.125827957000000000e+09
7.210582041000000000e+09
7.295290759000000000e+09
7.379796967000000000e+09
7.464021934000000000e+09
7.547858900000000000e+09
7.631091113000000000e+09
7.713468205000000000e+09
