7.794798729000000000e+09
7.874965732000000000e+09
7.953952577000000000e+09
8.031800338000000000e+09
8.108605255000000000e+09
8.184437453000000000e+09
8.259276651000000000e+09
8.333078318000000000e+09
8.405863301000000954e+09
8.477660722999999046e+09
8.548487370999999046e+09
8.618349454000000000e+09
8.687227873000000000e+09
8.755083512000000000e+09
8.821862705000000000e+09
8.887524229000000000e+09
8.952048885000000000e+09
9.015437616000000000e+09
9.077693645000000000e+09
9.138828562000000000e+09
9.198847382000000000e+09
9.257745483000000000e+09
9.315508153000000000e+09
9.372118247000000000e+09
9.427555382000000000e+09
9.481803272000000000e+09
9.534854673000000000e+09
9.586707749000000000e+09
9.637357320000000000e+09
9.686800146000000000e+09
9.735033900000000000e+09
9.782061758000000000e+09
9.827885441000000000e+09
9.872501562000000000e+09
9.915905251000000000e+09
9.958098746000000000e+09
9.999085167000000000e+09
1.003888126200000000e+10
1.007751808000000000e+10
1.011503636000000000e+10
1.015146968300000000e+10
1.018683720900000000e+10
1.022114904000000000e+10
1.025441900400000000e+10
1.028665835400000000e+10
1.031787931500000000e+10
1.034809807900000000e+10
1.037733083000000000e+10
1.040559053200000000e+10
1.043288913600000000e+10
1.045923950100000000e+10
1.048465485800000000e+10
1.050915040200000000e+10
1.053274286100000000e+10
1.055545000300000000e+10
1.057728819500000000e+10
1.059827417200000000e+10
1.061842090900000000e+10
1.063773681900000000e+10
1.065622823300000000e+10
1.067390445400000000e+10
1.069077333500000000e+10
1.070685242600000000e+10
1.072217137500000000e+10
1.073676544400000000e+10
1.075066235300000000e+10
1.076387402300000000e+10
1.077640201900000000e+10
1.078824894800000000e+10
1.079941336600000000e+10
1.080989230300000000e+10
1.081968264300000000e+10
1.082878095900000000e+10
1.083718207700000000e+10
1.084487879800000000e+10
1.085186014500000000e+10
1.085811158700000000e+10
1.086361477600000000e+10
1.086834763600000000e+10
1.087228413400000000e+10
1.087539371900000000e+10
